1200.000000
1300.000000
2000.000000
0.000000
1250.000000
0.000000
0.000000
600.000000
0.000000
0.000000
850.000000
0.000000
0.000000
1250.000000
1300.000000
1300.000000
1150.000000
1250.000000
1250.000000
-nan
-nan
0.000000
0.000000
0.000000
0.000000
0.000000
1066.666748
1350.000000
0.000000
0.000000
0.000000
0.000000
0.000000
1100.000000
400.000000
300.000000
600.000000
1600.000000
0.000000
0.000000
0.000000
2700.000000
0.000000
2400.000000
1200.000000
0.000000
0.000000
900.000000
0.000000
0.000000
800.000000
0.000000
2300.000000
3000.000000
600.000000
